image: pare.pgm
resolution: 0.060000
origin: [-18.000000, -10.020000, 0.000000]
negate: 0
occupied_thresh: 0.65
free_thresh: 0.196

