image: sarmis.pgm
resolution: 0.060000
origin: [-10.020000, -10.020000, 0.000000]
negate: 0
occupied_thresh: 0.65
free_thresh: 0.196

